1 462 201 308 426 1
2 468 191 291 432 1
3 464 197 318 435 1
4 452 200 315 427 1
5 471 203 297 424 1
6 453 197 327 426 1
7 468 196 302 428 1
8 469 192 293 436 1
9 455 197 313 429 1
10 459 198 317 437 1
12 456 203 315 414 1
13 468 198 296 428 1
14 456 198 317 420 1
15 452 203 322 426 1
16 467 198 304 443 1
17 461 194 307 436 1
18 462 198 305 425 1
19 461 197 303 430 1
20 455 197 321 432 1
21 461 201 319 440 1
22 468 189 305 432 1
23 453 195 312 428 1
24 468 203 296 423 1
25 465 200 302 420 1
26 467 204 298 417 1
27 473 200 301 423 1
28 470 194 306 429 1
29 473 194 297 429 1
30 470 189 304 437 1
31 461 192 306 423 1
32 471 203 302 418 1
33 474 191 302 426 1
34 473 194 300 432 1
35 468 187 300 425 1
36 467 191 306 432 1
37 467 198 298 417 1
38 477 195 297 420 1
40 467 194 307 426 1
41 480 197 294 421 1
42 476 197 292 414 1
45 480 191 297 418 1
46 470 192 304 423 1
47 468 204 303 407 1
49 477 191 299 430 1
50 479 194 297 420 1
51 470 188 316 430 1
52 476 197 309 421 1
53 465 179 311 436 1
54 471 200 320 409 1
55 477 198 297 411 1
56 483 184 291 419 1
57 488 195 291 414 1
58 488 189 291 408 1
59 498 188 281 406 2
60 498 185 279 400 2
61 492 167 293 408 2
62 507 167 275 400 2
63 512 176 273 387 0
65 522 176 261 373 0
66 518 168 270 374 0
67 521 171 264 377 0
68 518 161 270 384 0
71 525 164 287 378 0
72 527 168 264 366 0
73 522 173 270 363 0
74 519 168 276 368 2
75 519 165 272 378 2
77 521 164 267 385 2
78 527 170 261 376 2
79 513 165 279 386 2
80 525 167 258 390 2
81 518 171 265 384 2
82 523 161 266 388 2
83 518 158 262 393 2
84 527 135 255 420 2
85 516 152 270 400 2
86 516 161 264 384 2
87 519 160 261 395 2
88 524 159 255 398 0
89 519 159 254 389 0
90 518 161 271 391 0
91 516 156 266 395 0
92 519 158 264 390 0
93 518 165 261 377 2
94 515 160 265 397 2
95 518 159 264 390 2
96 518 168 259 375 2
97 519 159 261 389 2
98 521 164 256 375 2
99 515 170 264 381 2
100 522 161 255 391 2
101 525 171 252 365 2
103 518 155 262 391 2
104 525 168 251 377 2
105 530 158 250 387 2
106 527 167 267 381 2
107 518 164 268 381 2
108 518 158 265 379 2
109 521 159 264 371 2
110 534 165 246 375 2
111 524 159 255 381 2
112 516 168 272 369 2
113 524 161 255 372 2
114 519 164 260 364 2
115 521 167 264 367 2
116 519 158 273 379 2
117 523 165 259 368 2
118 527 162 258 375 2
119 521 164 265 361 2
120 524 168 253 365 2
121 524 168 253 365 2 
122 533 162 252 365 2
123 533 158 253 366 2
124 531 156 255 363 2
125 540 167 246 361 2
126 536 153 252 374 2
127 530 156 265 366 2
128 507 156 290 398 2
129 524 159 265 365 2
130 516 164 273 372 2
131 521 157 264 374 2
132 517 157 280 376 2
133 521 159 268 377 2
134 519 159 270 372 2
135 500 161 300 376 2
136 500 156 295 378 2
137 503 162 304 374 2
138 502 159 298 366 2
139 504 155 294 379 2
140 505 164 284 376 2
141 509 164 288 379 2
142 507 164 279 367 2
143 504 165 285 372 2
144 506 165 283 372 2
145 505 165 281 363 2
145 509 153 282 378 2
146 510 164 279 381 2
147 515 162 276 366 2
148 513 155 276 379 2
149 505 159 286 378 2
150 513 164 276 370 2
151 509 164 283 372 2
152 515 170 273 364 2
153 515 152 271 378 2
154 513 156 276 384 2
155 516 164 270 378 2
156 524 164 259 390 2
158 521 160 258 389 2
160 519 165 264 389 2
161 524 173 261 358 2
162 521 163 258 370 2
163 522 164 261 367 2
164 522 171 276 366 2
165 516 171 282 381 2
166 525 171 278 375 2
167 521 173 276 369 2
168 516 174 284 371 2
169 522 171 270 372 2
170 530 174 267 362 2
171 525 171 273 372 2
172 528 177 267 381 2
173 531 168 260 389 2
174 522 173 288 384 2
175 525 173 275 378 2
176 519 173 281 379 2
177 524 174 280 384 2
178 530 173 270 375 2
179 519 174 273 387 2
180 525 180 267 383 2
181 525 176 272 379 2
182 536 176 252 381 2
183 528 180 285 378 2
184 528 180 282 386 2
185 530 177 267 389 2
186 531 173 263 379 2
187 525 179 269 376 2
188 536 172 258 380 2
189 524 173 285 387 2
190 528 180 263 375 2
191 527 170 270 381 2
192 524 175 267 383 2
193 536 180 262 378 2
194 537 172 258 389 2
195 536 174 249 386 2
196 528 172 276 391 2
197 531 176 264 382 2
198 531 168 260 390 2
199 536 180 265 378 2
200 534 176 261 376 2
201 528 176 267 391 2
202 534 176 263 378 2
203 524 176 289 388 2
204 537 174 258 389 2
205 528 171 272 389 2
206 527 171 268 383 2
207 528 170 269 384 2
208 533 164 268 394 2
209 537 170 266 390 2
210 530 164 271 387 2
211 527 170 268 375 2
212 528 164 263 375 2
213 530 166 262 365 2
214 528 170 264 370 2
215 539 159 252 375 2
216 521 164 271 363 2
217 518 164 276 360 2
218 522 163 267 361 2
219 524 165 265 357 2
220 525 167 267 355 2
221 522 167 263 358 2
222 519 161 267 358 2
223 519 164 266 360 2
224 524 173 265 342 2
225 516 164 269 375 2
226 513 165 276 344 2
227 519 167 263 351 2
228 515 163 264 350 2
229 521 165 264 345 2
230 527 164 253 351 2
231 518 168 259 344 2
232 525 174 251 335 2
233 522 171 255 344 2
234 516 156 257 354 2
235 512 164 265 345 1
236 516 165 263 347 1
237 516 164 258 340 1
239 509 170 267 327 1
240 519 159 255 344 1
241 527 173 249 331 1
242 516 159 258 335 1
243 527 159 240 324 1
244 518 159 270 377 1
245 512 141 291 377 1
246 514 168 262 323 1
247 512 170 264 321 1
249 534 173 249 315 1
251 530 173 268 325 1
252 527 171 265 326 1
253 516 159 284 360 2
254 524 159 270 353 2
255 539 167 258 352 2
256 543 167 252 358 2
257 536 153 258 380 2
258 534 161 272 387 1
259 540 180 266 371 1
260 538 174 265 383 1
261 537 165 258 393 2
262 533 175 271 388 2
263 527 178 298 403 1
264 537 182 267 397 1
265 540 164 279 418 1
266 530 167 309 418 1
267 549 189 251 387 1
268 543 177 251 392 1
269 543 188 263 381 1
270 536 182 265 396 1
271 554 185 246 393 1
272 551 180 250 404 1
273 542 188 262 385 1
274 530 182 298 405 1
275 534 186 276 393 1
276 540 185 264 393 1
277 543 185 273 399 1
278 536 183 268 402 1
279 539 182 259 397 1
280 539 188 267 393 1
281 543 180 261 398 1
282 540 182 264 400 1
284 546 182 249 399 1
285 545 182 259 399 1
286 546 194 252 393 1
287 537 194 269 382 1
288 542 176 258 409 1
289 538 182 269 390 1
290 537 183 272 401 1
291 546 189 258 390 1
292 551 183 256 399 1
293 546 182 261 397 1
294 534 182 276 396 1
295 541 185 266 387 1
296 542 182 264 405 1
297 531 182 305 399 1
298 551 192 256 386 1
299 546 181 260 401 1
300 544 185 277 405 1
301 549 185 268 394 1
302 546 182 260 400 1
303 557 186 244 402 1
304 552 183 257 396 1
305 557 186 250 389 1
306 540 186 272 401 1
307 546 177 255 401 1
308 542 176 259 402 1
309 549 177 254 404 1
311 536 174 259 389 1
312 537 167 251 397 1
313 543 171 243 389 1
314 534 173 255 384 1
315 539 162 250 390 1
316 540 170 242 382 1
317 531 168 267 381 1
318 517 173 259 358 1
319 506 159 267 371 1
320 509 164 262 366 1
321 516 156 264 375 1
322 516 162 249 371 1
323 503 152 258 385 1
324 504 156 273 375 1
325 503 155 270 372 1
326 509 161 262 370 1
327 505 161 265 372 1
328 504 159 275 374 1
330 503 162 273 374 1
331 513 158 264 372 1
332 503 161 271 364 1
333 507 159 272 366 1
334 508 164 269 372 1
335 504 167 276 360 1
336 509 162 270 371 1
337 507 162 272 372 1
338 507 165 272 369 1
339 508 159 271 377 1
340 506 165 273 368 1
342 503 164 273 372 1
343 503 159 276 380 1
344 506 162 267 374 1
345 507 165 270 371 1
346 501 164 275 372 1
347 506 163 270 373 1
349 503 167 268 373 1
350 500 168 274 369 1
351 497 166 274 374 1
352 497 164 271 367 1
353 492 164 276 372 1
354 492 164 276 372 1
355 492 164 276 372 1
356 489 164 276 376 1
357 489 164 276 376 1
358 489 164 276 376 1
359 489 164 276 376 1
360 489 164 276 376 1
361 489 164 276 376 1
362 474 159 308 392 1
363 492 164 273 384 1
364 497 159 265 377 1
365 492 162 275 374 1
366 503 164 264 373 1
367 503 164 264 373 1
368 498 164 275 373 1
369 503 165 271 375 1
370 508 161 272 382 1
371 515 162 267 381 1
372 516 165 261 372 1
373 518 165 270 375 1
374 518 164 273 382 1
375 522 159 264 384 1
376 521 164 273 382 1
377 533 162 256 387 1
378 525 161 267 382 1
379 537 159 257 383 1
380 533 158 262 381 1
381 533 159 264 384 1
382 530 159 264 375 1
383 536 161 261 379 1 
384 533 163 262 377 1
385 545 162 255 372 1
386 540 164 264 376 1
387 536 163 279 386 1
388 533 161 277 382 1
389 536 159 271 390 1
390 539 160 276 392 1
391 539 167 285 384 1
392 544 163 275 398 1
393 549 162 273 395 1
394 546 164 281 400 1
395 545 163 283 395 1
396 548 162 279 393 1
397 545 162 288 398 1
398 546 174 287 380 1
399 552 166 276 392 1
400 551 171 279 392 1
401 550 168 286 392 1
402 548 170 283 390 1
403 548 170 285 388 1
404 548 168 283 390 1
405 552 165 279 389 1
406 543 170 288 388 1
407 551 173 277 390 1
408 549 169 281 391 1
409 553 170 274 390 1
410 543 171 284 386 1
411 546 170 278 387 1
412 543 165 279 392 1
413 546 170 279 384 1
415 537 167 279 381 1
416 539 165 277 389 1
417 549 170 269 372 0
418 548 159 253 392 0
419 545 162 259 374 0
420 537 165 266 366 0
421 543 162 258 374 0
422 539 156 261 374 0
423 540 162 251 363 0
424 534 156 269 366 0
425 531 157 258 359 0
426 536 157 247 359 0
427 530 161 255 349 0
428 533 158 253 360 0
429 530 158 249 357 0
430 531 158 257 358 0
431 528 158 254 358 0
432 533 162 243 347 0
433 533 155 246 357 0
434 528 156 260 356 0
435 525 159 254 354 0
336 524 153 256 354 0
437 526 162 251 350 0
438 534 155 249 355 0
439 533 156 246 354 0
440 533 159 246 356 0
441 534 159 249 350 0
442 537 161 239 346 0
443 530 159 255 348 0
444 533 159 252 351 0
445 531 162 249 356 0
446 531 162 254 350 0
447 529 161 254 354 0
448 533 158 250 354 0
449 534 164 252 354 0
450 534 159 252 354 0
451 542 159 243 354 0
452 534 158 252 355 0
453 533 159 250 356 0
454 530 156 256 359 0
455 533 162 255 354 0
456 536 164 253 349 0
457 534 165 252 354 0
458 533 161 247 366 0
459 536 164 247 357 0
460 537 161 248 357 0
461 532 165 257 351 0
462 528 161 255 366 0
463 530 161 255 358 0
464 534 164 249 351 0
465 537 162 243 356 0
466 532 161 254 358 0
467 537 164 254 354 0
468 539 164 244 351 0
469 537 165 249 348 0
470 539 167 249 343 0
471 534 162 257 353 0
472 536 160 253 356 0
473 540 164 254 357 0
474 537 164 249 348 0
475 539 165 261 347 0
476 535 164 256 349 0
477 534 160 258 353 0
478 534 161 254 354 0
479 535 164 253 352 0
480 534 167 272 343 0
481 537 165 254 353 0
482 537 170 245 340 0
483 536 158 244 363 0
484 528 164 257 361 0
485 527 167 255 348 0
486 529 164 248 354 0
487 536 161 249 357 0
489 534 165 251 356 0
490 530 157 253 364 0
491 528 165 257 353 0
492 528 165 257 353 0
493 527 162 256 353 0
494 532 159 250 354 0
495 525 162 260 356 0
496 527 165 261 360 0
497 525 160 257 355 0
498 526 159 257 357 0
499 524 161 262 352 0
500 527 162 258 351 0
501 527 162 253 356 0
0 261 342 264 288 1
11 296 374 234 234 1
39 279 309 198 231 1
43 291 290 219 232 1
44 308 297 204 219 1
48 369 288 197 216 1
64 644 287 181 232 1
69 645 279 188 242 1
70 647 291 172 231 1
76 615 284 185 240 1
102 749 236 169 216 0
146 438 213 186 242 0
157 392 222 180 230 0
159 392 219 171 227 0
238 687 237 180 245 0
250 837 383 143 181 1
283 875 314 168 226 1
310 440 293 229 244 1
329 383 345 238 245 1
348 389 411 237 219 1
